19=N 2002=I E13CBetn07q01r1                                          -3(13F6.0)~
 30997 70652 36429 63065 20652106527 91466 42405123956176100 86984 85123 34889
  5266 17810 94779 45872  4051  3735
19=N 2002=I E13CBetn07q01r2                                          -3(16F5.0)~
25474583953628343833 96306704956490115777508765081  340  384  396  435  304  384
  435  340  384
19=N 2002=I E13CBetn07q01r3                                          -3(13F6.0)~
 15140 44724 23414 43315  9798 94914 69737 10705 84118110595 44289 39134 14834
  5353 24810 93833131505 24955  5438
19=N 2002=I E13CBetn07q01r4                                          -3(13F6.0)~
 18960 58534 56827 76915 25928101887126220 34131160908204580192754222163114116
 78083120168245701262808 89106 27850
19=N 2002=I E13CBetn07q02r1                                          -3(13F6.0)~
 34821 50841 37253 67935 11416 42497 66956 10326 62529117798 15782  3137 15471
  3671 21926  1155   954  1021   961
19=N 2002=I E13CBetn07q02r2                                          -3(13F6.0)~
 27765 53261 39563 50807 22929 40851 71312 19932108113158062 84810121759130439
 54446 75000126092171429 44377  7148
19=N 2002=I E13CBetn07q02r3                                          -3(13F6.0)~
 38078  5483 23728 11255  9382 40309 59244 10894 71403180239 80794 29217  5414
  5414 34416 16350 66368  3098  2927
19=N 2002=I E13CBetn07q02r4                                          -3(16F5.0)~
31204401182705536900132234682937321 61704350252533  747  408  413  340  413  340
  346  408  318
11=N 2010=I E13CBetn07q04r1                                          -3(13F6.0)~
 39886 83719 62724 22283 21908 53408 75932 97289159425 68150  2065
11=N 2010=I E13CBetn07q04r2                                          -3(13F6.0)~
 27503 53719 24067 24577  6875 25288 56618 57632140333115762 71889
11=N 2010=I E13CBetn07q04r3                                          -3(13F6.0)~
 32776 38171 48597  3950  5849  2549  2882  3151 95195186957186199
11=N 2010=I E13CBetn07q04r4                                          -3(13F6.0)~
 37480 75385 19939 13223 16095 26647 35293 56422162162 49819  1208
