16=N 2005=I E13CBetn01r01r1                                          -3(13F6.0)~
238408105380 51536113918154822265654233582215102 82086120597237442 44652122058
129646 69191  5519
16=N 2005=I E13CBetn01r01r2                                          -3(13F6.0)~
255328115882106255122532104030145582195399185882136408105524146429 50012 93383
100689 33818 19742
16=N 2005=I E13CBetn01r01r3                                          -3(13F6.0)~
259881240608118224116209 11005 71911117653112981 83207102612162341 28717 61747
157786 78382 70975
16=N 2005=I E13CBetn01r01r4                                          -3(13F6.0)~
177950139019 75167163983152203200870223398209860143251142599245443 79195165652
245576 93258 14574
15=N 2006=I E13CBetn01r02r1                                          -3(13F6.0)~
 92856270872152827 42878 41463 80442 97126 83227 34023 44078 44339 21799 81807
 18246  1812
15=N 2006=I E13CBetn01r02r2                                          -3(13F6.0)~
134372288611170636 38413 30470 99793134388116674 10171 37211 43533 21830 31211
  6703  2988
15=N 2006=I E13CBetn01r02r3                                          -3(13F6.0)~
 74009291201121664 34723 38679 84657106926 91901 18983 66173 73214 42105138130
 23122  8079
15=N 2006=I E13CBetn01r02r4                                          -3(13F6.0)~
151109193488 97709  3695  4348 62760 82511 52918  8967 66431 68844 28995197859
 13572  1288
14=N 2007=I E13CBetn01r03r1                                          -3(13F6.0)~
 51349116473211298157250109711 86206 67793 83438 91312 79550 43053 48128 31550
 53705
14=N 2007=I E13CBetn01r03r2                                          -3(13F6.0)~
 61796111605183167148165127434103626 88827 75545 92470 78261 29368 56616 45768
105208
14=N 2007=I E13CBetn01r03r3                                          -3(13F6.0)~
 89036107583211119164662144438132542 99366100307100853 68360 31225 37685 24703
111322
14=N 2007=I E13CBetn01r03r4                                          -3(13F6.0)~
 74655124727202764163316102815 84674 81857 94572 98197 67569 25187 27251 18623
 56741
20=N 2001=I E13CBetn01r04r1                                          -3(13F6.0)~
153719153773 48263 90707 47318 53289 58332135065145912 42393 56990 76405  1793
 70399 72403  9819  5893  9751  7047 63312
20=N 2001=I E13CBetn01r04r2                                          -3(13F6.0)~
174889169579 43478112729 67531 94710138007268723263792114830105971103607  8427
115729139147 75502 27712 29931 15984 72990
20=N 2001=I E13CBetn01r04r3                                          -3(13F6.0)~
136108192585 46066123148 73045 75949104393257958266754124362 95449105181  4583
122858129971 80787 55424 60053 59755109411
20=N 2001=I E13CBetn01r04r4                                          -3(13F6.0)~
125128225165 31653118673 54258 63490 67249162842170012 95367 95379159183 49040
126386135664 69837 51133 51844 30469169961
20=N 2001=I E13CBetn01r05r1                                          -3(13F6.0)~
109165246501151456 38174  5853 59306  4640 94937 17943  4348  3074 57885  6076
 46894 25549 60498 73760 12902 10773 51618
20=N 2001=I E13CBetn01r05r2                                          -3(13F6.0)~
118815231562153259101594 31935100530  4348122975  4453  4245  3039 17664  2721
  5306  2416  8309 12337  1921   818  5163
20=N 2001=I E13CBetn01r05r3                                          -3(13F6.0)~
126911248977148440 50071  8215 37827 21204 79960 49085 20010 52271 86740 36385
 76281 73921101501123129 50936 48913133011
20=N 2001=I E13CBetn01r05r4                                          -3(13F6.0)~
121152240475107252 17754  8045 26834  3096136756  6877  6372  6159 54883  7686
 20681  6522 24186 29878 10853  9535 19579
