13=N 2008=I E13CBetn07p01r1                                          -3(13F6.0)~
  4022  3664 39130  4533  3641 50780 22071  5163 40764163487321527131253 86221
13=N 2008=I E13CBetn07p01r2                                          -3(13F6.0)~
 17769 37295 89884 30599  7148113599 74789 42673 65217154505319416114292 97475
13=N 2008=I E13CBetn07p01r3                                          -3(13F6.0)~
 21314 20624127095 48710 47111115679152364 71871158711194509320131  2176  2755
13=N 2008=I E13CBetn07p01r4                                          -3(13F6.0)~
 12734  9856101173 28261 18066 72664 52762 36656 86415135063328277 66903 75049
13=N 2008=I E13CBetn07p02r1                                          -3(13F6.0)~
 82219 35440 24331 52612 68411 65513 20000 94021 10000108296312026 10000 10198
13=N 2008=I E13CBetn07p02r2                                          -3(13F6.0)~
 71694 16125  6325 37736 10000 10000  8246 17088 22000 26306213841 10770 12649
13=N 2008=I E13CBetn07p02r3                                          -3(13F6.0)~
 58856  8246  6000 10000 12000 12000 26077 12000 14000 36222273247 55714 27203
13=N 2008=I E13CBetn07p02r4                                          -3(13F6.0)~
 72993 21333 21499 53483 62723 51195 16492 71678 12019130000281757 58088 58576
13=N 2008=I E13CBetn07p03r1                                          -3(13F6.0)~
 19928 49983  1923  1766  2043 28251  3038  2431 22075 24733204198  1633  1620
13=N 2008=I E13CBetn07p03r2                                          -3(13F6.0)~
 40177 48165 33310 10248 31260 53329 23404  1865 44194 82324275649 46288  2737
13=N 2008=I E13CBetn07p03r3                                          -3(13F6.0)~
 47678 76866 35537 36907 59755 91414 77105 51876 90869150238419104 49176  3587
13=N 2008=I E13CBetn07p03r4                                          -3(13F6.0)~
 35794 81033  3902 23369 37938 26821  2751  2629 68669113512362528  6651  8612
13=N 2008=I E13CBetn07p04r1                                          -3(13F6.0)~
 78288 46755 24944 35090 18179 24259  7311 61138 50190 56391295966  2025  2261
13=N 2008=I E13CBetn07p04r2                                          -3(13F6.0)~
 52507 46890  9041 12627  8584  5081  1364 16497  5773  2770248071  2657  2102
13=N 2008=I E13CBetn07p04r3                                          -3(13F6.0)~
 43811 13642  7539 44160 69330 48854  7969 83197 37825 41380301828 92810  3172
13=N 2008=I E13CBetn07p04r4                                          -3(13F6.0)~
 92276 40624 28155 76234 88777 97615 55668128445 74221 57179347318 10638  1003
