18=N 2003=I E13CBetn07q01r1                                          -3(13F6.0)~
 70652 36429 63065 20652106527 91466 42405123956176100 86984 85123 34889  5266
 17810 94779 45872  4051  3735
18=N 2003=I E13CBetn07q01r2                                          -3(16F5.0)~
583953628343833 96306704956490115777508765081  340  384  396  435  304  384  435
  340  384
18=N 2003=I E13CBetn07q01r3                                          -3(13F6.0)~
 44724 23414 43315  9798 94914 69737 10705 84118110595 44289 39134 14834  5353
 24810 93833131505 24955  5438
18=N 2003=I E13CBetn07q01r4                                          -3(13F6.0)~
 58534 56827 76915 25928101887126220 34131160908204580192754222163114116 78083
120168245701262808 89106 27850
10=N 2011=I E13CBetn07q04r1                                          -3(13F6.0)~
 83719 62724 22283 21908 53408 75932 97289159425 64518  5777
10=N 2011=I E13CBetn07q04r2                                          -3(13F6.0)~
 53719 24067 24577  6875 25288 56618 57632140333115762 71889
10=N 2011=I E13CBetn07q04r3                                          -3(13F6.0)~
 38171 48597  3950  5849  3843  4076  3408 99577210351155709
10=N 2011=I E13CBetn07q04r4                                          -3(13F6.0)~
 75385 19939 13223 16095 26647 35293 56422162162 50213   735
16=N 2005=I E13CBetn07r06r1                                          -3(13F6.0)~
 55459 15217 59540 69637 72788 58678 11707 15572 81580164894 76173128103 99991
 65552308305176100
16=N 2005=I E13CBetn07r06r2                                          -3(13F6.0)~
 65105 18332 50465 61645 61658 45750 27887 21800 55689126646 80353134207116243
 37827260986119627
16=N 2005=I E13CBetn07r06r3                                          -3(13F6.0)~
 64834 30829 57617 81550 54324 73020 75463 58494125538233186 99742113269 95355
 20522115345 85609
16=N 2005=I E13CBetn07r06r4                                          -3(13F6.0)~
 85687 36639108250108887 99510 89132 72899 61423113674262936 62491103108 99925
 74844100708 21881
