19=N 2002=I E13CBetn07w01r1                                          -3(13F6.0)~
194932143478 80552 67470 70652241392 80501164145178025134940155450150063260784
201424173811218824509487140525264417
19=N 2002=I E13CBetn07w01r2                                          -3(13F6.0)~
180795144602 97475 64379 69336259864106244121087155130 71846106505 64351 91827
 61966101501188621213204101320196676
19=N 2002=I E13CBetn07w01r3                                          -3(13F6.0)~
192759148535109142 77577 81434223231 65595 87708112094 49387 10248 38671 58007
  7390 21848103906 95820132617 69569
19=N 2002=I E13CBetn07w01r4                                          -3(13F6.0)~
181300117758 68197 65767 51790213364 49573130903132452 45050 16203 76321129384
 56596 96510262383486251188808337875
18=N 2003=I E13CBetn07w02r1                                          -3(13F6.0)~
 68104262811161425 86390 70409 73660168977 52440104048108807 62743 21102 25311
 73160 93736 71589124203 70174
18=N 2003=I E13CBetn07w02r2                                          -3(13F6.0)~
 52918242056156763 57539 55149 62424131888 43098 64179 79829 33459 18896 18475
 76087 74641 65414103524159933
18=N 2003=I E13CBetn07w02r3                                          -3(13F6.0)~
 82089250058180702 88824 47207 88682177395 63822104169107408 29067 21325 23913
 81240 96352115318159007123190
18=N 2003=I E13CBetn07w02r4                                          -3(13F6.0)~
 75031238324164141 80170 63100 81319173539 69173 87024127341 30512 21657 14172
 98103 99152 97542157263109173
16=N 2005=I E13CBetn07w04r1                                          -3(13F6.0)~
154681140499103410129534 79340 72478 81319 21224 24935 25636 89236 55565 27520
102396 70128 72899
16=N 2005=I E13CBetn07w04r2                                          -3(13F6.0)~
160224108524 96320 96997 69599 55128 62033 39266 20659 25212 69777 40470 29658
 83239 53914  5542
16=N 2005=I E13CBetn07w04r3                                          -3(13F6.0)~
198819104419 84146119374 57949 46428 55915  4253  4253 35729 95876 43000 45373
 94354 37704 61075
16=N 2005=I E13CBetn07w04r4                                          -3(13F6.0)~
158086120745 93857143060 72627 54359 69567  4348  2771 41904 77748 46768 53055
102050 50616 73985
